32.361538 53.720882
33.448457 27.926156
34.736009 47.668878
38.555605 18.531074
39.7391667 35.015833
41.767 67.323
39.161921 64.473245
30.4518 55.72723
33.76 55.61
43.613739 23.762349
39.78325 50.349627
39.790942 53.852315
41.590939 46.379134
39.04 44.31
38.197274 55.13689
30.45809 48.859771
44.323535 70.234739
38.972945 63.498843
42.2352 68.9725
42.7335 55.4533
44.95 46.906
32.32 49.793
38.572954 47.810717
46.595805 27.972969
40.809868 43.324655
39.160949 20.246123
43.220093 68.450873
40.221741 65.243862
35.667231 34.035425
42.659829 66.218661
35.771 61.362
48.813343 39.220996
39.962245 56.999353
35.482309 42.465006
44.931109 16.970841
40.269789 63.124387
41.82355 68.577868
34 58.965
44.367966 39.663622
36.165 53.216
30.266667 42.25
40.7547 28.107378
44.26639 67.42806
37.54 62.54
47.042418 17.106923
38.349497 58.366706
43.074722 50.615556
41.145548 35.197958
