7.446701221942685356e-01 8.005011664537252658e-01
4.638346973739396750e-01 1.473504650740132815e-01
6.893734719788600085e-01 1.067837413721319351e+00
1.018879253535439622e+00 9.703140937608165650e-01
1.221863191878022614e-01 3.950852544615004458e-01
9.641507307917105418e-01 2.988606432585014794e-01
-7.120151573808939371e-01 -4.558794786823405776e-02
-7.077999730075972273e-01 3.554458735054030760e-01
-3.153822990802597759e-01 1.850301722624252410e-01
2.533458507832671569e-01 1.342627977994970578e+00
-7.386277205409588209e-01 7.734406314273665206e-01
6.101836473905826175e-01 6.403086787840842620e-01
5.055934555447898493e-01 1.810512317693088735e-01
6.867487930924724981e-01 7.476027393161123191e-01
5.713313683323886227e-01 1.733357346979247593e+00
8.965773217781520810e-01 3.665356531647870342e-01
2.529027020591639863e-02 8.531063236561151619e-01
8.234030718970728469e-01 8.779816703682056245e-01
5.331597000533754294e-01 7.599479392077156392e-01
-2.049651237675386706e-01 1.146881542419660116e+00
2.598501337540771172e-01 1.451397327138791660e+00
6.703496700022484323e-01 6.765968799792728694e-01
5.114802367095281355e-01 1.357477304061009749e+00
5.800717154334231740e-01 -1.690171158778213112e-01
2.279637999316173336e-01 9.049625755909982416e-01
-8.199163373175264447e-01 2.377688755593872494e-01
4.477502031761900203e-01 1.649925106820010257e+00
6.161626031206732801e-01 -1.029203462068996044e-01
1.722495872393282612e-01 7.786430502404371179e-01
4.715503778434817495e-01 3.311780425693772179e-01
2.639581016837196370e-01 8.620162634503244492e-01
6.967780207509346457e-01 4.776565244248885955e-01
7.024170044080044750e-01 1.028125165515144879e+00
-1.501937292662519075e-01 2.544469454159057897e-01
6.196159751930179205e-01 4.899916333335310736e-01
5.243017227805440994e-01 -4.746419565124272988e-01
1.341547041060319412e+00 -1.240323881683370155e+00
1.331712606548043132e+00 2.702801196276682916e-01
1.474895080728286345e+00 -9.422306933526836126e-02
3.673003316660898854e-01 -1.174294446465836472e+00
1.627772830269105464e+00 -7.296349020170613819e-01
1.281968501635338376e+00 3.777811306550481474e-01
8.042221747711022495e-01 -7.933319174119277672e-01
1.210684180333130744e+00 -4.865027323827932348e-01
4.868015199437261131e-01 -5.522634649554234443e-01
1.922330324840567428e+00 -3.415354397019931820e-01
1.265443748100811838e+00 -3.474304689733289653e-01
8.969198628563864739e-01 1.184501730486641202e-01
2.190879089402428814e+00 -7.417860307504009487e-02
1.474875681442772368e+00 2.741972948060714677e-01
2.132741203099352223e+00 -4.630711387653964617e-01
1.167612093097996961e+00 -5.124788691246763284e-01
-1.366580310366904971e-01 -1.244422799821455428e+00
7.144038860681102276e-01 -2.979133370684037274e-01
1.635274805269167242e+00 -2.088043782608879351e-01
1.551098630540580725e+00 -5.648772088537787894e-01
4.100438361497393824e-02 -2.580523058387180768e-01
1.273046735940219776e+00 -5.868037187680463784e-02
1.294965451819384938e+00 4.313468467121945871e-01
8.925732647431519062e-01 -5.389314513324582334e-01
1.277109239603698931e+00 -9.929305285322833630e-01
1.939521108856801845e+00 3.435129005161824400e-01
7.148638825788237172e-01 1.495007539290840182e-01
1.197307818266726720e+00 -4.674221554185615801e-01
1.973661314927539490e+00 -4.358830178767134078e-01
1.802353162607884585e+00 -2.799075422536562163e-02
1.006725963414995428e+00 -7.337888589198555689e-01
6.045640941809544699e-01 -1.098005224918081169e+00
1.682012868958645768e+00 -1.274834514426462229e-01
8.060444911265296497e-02 -8.714716026751556655e-01
9.879197156374289746e-01 -9.038491454341527342e-01
9.063087869819483888e-01 -8.336067686195928195e-01
1.134153362744824589e+00 -9.820658477887056481e-01
1.311682345100217084e+00 -5.194526549286778705e-01
5.200040263092655657e-01 -3.776361410700449506e-01
2.325359739051643615e+00 5.633884877643624556e-01
6.861793112677994078e-01 -4.725570082993573728e-01
6.090309036872934012e-01 -9.384409736605459074e-01
4.697725827346315164e-01 -2.638762767195219627e-01
8.428122013128256373e-01 -2.720951623113809781e-01
3.738409059458490669e-01 -1.854695059296248560e-01
7.557463765515687326e-01 -4.436729589380516980e-01
1.210309224710695464e+00 8.577230568645333175e-02
1.476422542640949187e+00 -2.707957067772644444e-01
1.040145950572216371e+00 -7.372649862462627990e-01
8.533733686055551271e-01 -6.675769201323227264e-01
1.022504074154633180e-01 -3.039788516336474622e-01
1.324427226336999830e+00 1.502604684287711656e-01
1.017274955859842178e+00 -6.490551808079595419e-01
-2.778319412387242338e-02 -9.573747320188625842e-01
1.794952602964344113e+00 -7.288531245897504895e-01
1.322664607709705953e+00 -3.771676974209211552e-01
1.278402292179974697e+00 -6.607419991532319514e-01
6.842503446724259586e-01 -5.057298844774378299e-01
1.905288974724933304e+00 5.341397030921133382e-01
1.907531348685980621e+00 -1.364259837000531550e-01
1.240837322790307784e+00 -7.296455943066710859e-01
1.298464668865747074e+00 -9.082439122635850293e-01
1.304724122073489312e+00 3.318222394701737521e-01
9.169430809035239438e-01 -8.497759421592064877e-01
