4.868200913425890786e-02 -5.201598290241289391e-01
-6.117660000434921308e-02 -9.820924564088688857e-01
3.297610317566056493e-01 5.464520579660090416e-01
1.057909636764048811e+00 4.509732121352675871e-01
2.155533474015092765e-01 9.107557096082921078e-01
5.307001210386352863e-01 -4.858748999840034610e-02
6.723490284738475875e-01 2.041838925740488975e-01
1.665088734867498088e-02 4.713607648563775676e-01
4.209162656991865537e-01 9.380102670032357537e-01
1.059296079457439088e+00 3.435375084605213902e-01
-2.078726243986505628e-01 6.125341891461262289e-01
7.438076414859058350e-01 6.601186395981506472e-01
5.017217904378119542e-01 8.552443306073136409e-01
-3.888122973276046390e-01 -4.308717435983122623e-01
6.090210491065102261e-01 1.342705646069852765e-01
1.740687549526282740e-01 6.346387925771195260e-01
1.548087511729393240e-01 1.716318606384047429e-01
7.015412448109423771e-01 5.967522518779694307e-01
2.965207372811198838e-01 1.025788282341558166e-01
-2.863119034290154130e-01 1.401024993103777705e-02
9.512128348354320639e-02 2.595928038876699206e-01
-1.086779335584489581e-01 6.785337422307626820e-01
4.947656766474425316e-01 -4.661241730156617802e-01
3.303777309941124396e-01 3.504106251029117658e-01
8.678761577106597347e-01 3.235201657649209306e-01
5.865403221786549270e-01 6.890623498238459543e-01
-1.427904407807138454e-01 4.624109513177005470e-01
-8.749976658090186099e-03 1.656112822465688472e+00
5.836109868201569961e-01 1.003283431961310423e+00
-3.176589374680821587e-02 4.331111085287664975e-01
1.338118905868100617e-01 4.800272748403135448e-01
1.810745524702875198e+00 -2.444830505200988879e-01
1.280047961282061442e-01 1.568931832506643143e-01
7.667875093794584984e-01 1.087248632638450729e+00
2.651086431615052308e-01 6.543931146740223914e-01
-2.250599809063606460e-01 5.363356395653740005e-01
2.807575954190892342e-01 -1.897851255142648519e-01
3.349443058685077634e-01 7.045648416966830974e-01
9.028998494135098696e-01 -1.569817696338533519e-01
2.525953909286249299e-01 1.235382908000306035e+00
3.133483386406572535e-01 1.976173798927327585e-01
4.485813796602241554e-01 5.094647335357030959e-01
6.240081853872265771e-01 7.138658981876373488e-01
2.254578856577362789e-01 5.885890664652543292e-01
5.201698222362735602e-02 6.547078842555491551e-01
2.981344047976108858e-02 1.498506879613303866e-02
-4.911410141236745575e-01 6.774207933867428810e-01
9.280793564496527814e-01 2.422942162445348990e-01
4.508078993985202843e-01 1.238035028314084851e+00
8.345278038439281065e-01 2.550501563984277631e-01
1.435783498881984421e+00 -1.155256234228849155e-01
1.242762882733771113e+00 -1.511200870647034566e+00
5.093209370462157271e-01 -1.158961652745219784e+00
9.353542115474449137e-01 -7.925811342761048817e-01
1.057499976318842183e+00 -9.274504575779707327e-01
8.816807637643740980e-01 -5.080284558557609520e-01
1.563477058051610857e+00 -1.037379981478684376e+00
7.945340619673084692e-01 -2.120784494712336099e-01
9.968800383701472700e-01 -2.452211803036876137e-01
1.239528931601424855e+00 -1.155032722752501240e+00
4.016192725908968031e-01 -6.535764710945384248e-01
7.528262089057514705e-01 -9.580547674342918540e-01
9.349826375338897710e-01 1.113211944587171764e+00
1.391842937781080813e+00 1.514211324584815443e-01
1.528151711550108649e+00 -9.092243844773459927e-01
1.348979629012053261e+00 -1.441466886273726211e-01
2.078103272804599833e+00 -1.058488274563993636e+00
1.422126454125216988e+00 -4.344933950849680926e-01
1.080857206037438178e+00 -9.213771397934602536e-01
4.046171323471143833e-01 -2.138975681831395970e-01
1.535829576088891812e+00 4.181889274742855989e-02
1.212423583309166997e+00 4.895588033710248643e-01
7.662094095164039276e-01 -9.084937362703408015e-01
7.686854451854993053e-01 1.547656232818456212e-01
1.270302803890546617e+00 3.716194419084773992e-01
1.066355409337923721e+00 -4.892586802745865215e-01
6.961022358538924149e-01 3.429337003613832646e-01
1.323738157043751196e+00 -6.162953305258173087e-02
1.051254127181809661e+00 -1.294314144302708858e+00
1.298540539351691780e+00 -2.398574692081168469e-01
1.566548231863378327e-01 2.348202380404879053e-01
1.161654690078311347e+00 4.546891530229021372e-01
8.288757338767007710e-01 -6.194347840195203458e-01
1.105846929386371968e+00 -7.577299333840472606e-01
2.037775232800767000e+00 -1.467749226411564578e+00
1.571263093636490638e+00 -1.481548351142815689e-01
1.309686791824032248e+00 -2.407750033687875435e-01
1.565164124602485218e+00 -1.058086402733234399e+00
1.216859877959237668e+00 -1.984373276966712729e-01
1.182697146822287548e+00 -5.762770856438208522e-01
5.276180496174972534e-01 3.676652783881850795e-03
1.173897392440136578e+00 -6.674673791536759326e-01
1.602658938713633408e+00 -5.984054768935029855e-01
9.596539184685251023e-01 -2.153245161043872979e-01
1.868894930422895673e+00 -1.466394325762532702e+00
1.134556393157016174e+00 3.111344502808255363e-01
2.468816466093521900e-01 -4.855744895907737613e-01
4.026830283641773534e-01 -6.031490349314085897e-01
1.133392902706236827e+00 -1.974495259662801150e+00
9.175143825824627619e-01 -8.226336994640435218e-01
